2.0 33382.17707647477
2.163265306122449 12695.06633520104
2.326530612244898 5105.104433766139
2.489795918367347 2138.168058397697
2.6530612244897958 917.7868198794556
2.816326530612245 395.01255878371256
2.979591836734694 164.27572085535868
3.142857142857143 61.44107001602517
3.3061224489795915 15.561403186064647
3.4693877551020407 -3.633086149468235
3.63265306122449 -11.064181583551672
3.7959183673469385 -13.424265307921985
3.9591836734693877 -12.811771370228954
4.122448979591836 -12.089596439216294
4.285714285714286 -10.40779953206956
4.448979591836734 -9.223668467971832
4.612244897959183 -7.1498544843736775
4.775510204081632 -6.2511616298760515
4.938775510204081 -5.461344821745921
5.1020408163265305 -4.753154001169669
5.26530612244898 -3.816068469203768
5.428571428571429 -3.6165247496706083
5.591836734693877 -3.0057252928811073
5.755102040816326 -2.3410841490736716
5.918367346938775 -2.2325518959161155
6.081632653061225 -1.7996254179219464
6.244897959183673 -1.1276945509821452
6.408163265306122 -1.66948392423269
6.571428571428571 -0.6501515166163134
6.73469387755102 -1.2040441302407423
6.897959183673469 -0.6001083766915344
7.061224489795918 -1.0917002004939258
7.224489795918367 -0.5122947893107713
7.387755102040816 -0.6303205225139875
7.551020408163265 -0.13484438365152884
7.7142857142857135 -0.6652683282375014
7.877551020408163 -0.40885423212366506
8.040816326530612 -0.26696043285160587
8.204081632653061 -0.5357823846467387
8.367346938775508 -0.6455582938648027
8.53061224489796 -0.0012762628783097862
8.693877551020407 -0.3934270097840403
8.857142857142858 0.1436758493078994
9.020408163265305 -0.21156863610182888
9.183673469387754 -0.5524851890762233
9.346938775510203 0.25525452057170805
9.510204081632653 0.12279808035571359
9.673469387755102 -0.48549737549479277
9.83673469387755 0.2586852703405569
10.0 -0.5211204818256474
