2.0 983.2282113785534
2.163265306122449 336.0801293730755
2.326530612244898 111.37877907626361
2.489795918367347 30.94578786887912
2.6530612244897958 2.8730662778008367
2.816326530612245 -6.374036069979239
2.979591836734694 -8.962411614432021
3.142857142857143 -8.486379612199205
3.3061224489795915 -7.4080536556647205
3.4693877551020407 -5.667418594437638
3.63265306122449 -4.333209089053913
3.7959183673469385 -3.615599093562527
3.9591836734693877 -2.5281761524958877
4.122448979591836 -2.453807194191686
4.285714285714286 -1.835085873770692
4.448979591836734 -1.7984740756277149
4.612244897959183 -0.8103066096025127
4.775510204081632 -0.8789350556145741
4.938775510204081 -0.9244606717119406
5.1020408163265305 -0.925317784190948
5.26530612244898 -0.5843988835037994
5.428571428571429 -0.8836654403333
5.591836734693877 -0.6893709406497326
5.755102040816326 -0.372441603043825
5.918367346938775 -0.5544823786826252
6.081632653061225 -0.3648169060024531
6.244897959183673 0.10298808567954282
6.408163265306122 -0.6105443287513133
6.571428571428571 0.26387492981977934
6.73469387755102 -0.41265919583343985
6.897959183673469 0.08716603956198261
7.061224489795918 -0.4930773211854669
7.224489795918367 0.010608888722293014
7.387755102040816 -0.1722859396553507
7.551020408163265 0.267451219484532
7.7142857142857135 -0.31100601022654917
7.877551020408163 -0.09610236025298124
8.040816326530612 0.009818807293068194
8.204081632653061 -0.29026059491964007
8.367346938775508 -0.42726776978272685
8.53061224489796 0.1932304486179916
8.693877551020407 -0.21974416045518666
8.857142857142858 0.2990829733630172
9.020408163265305 -0.07223794231915766
9.183673469387754 -0.42732793532762203
9.346938775510203 0.3678889728562178
9.510204081632653 0.2243448904564408
9.673469387755102 -0.3937875116726606
9.83673469387755 0.34165057935832893
10.0 -0.4459435204975432
