2.0 116.56689035003481
2.163265306122449 32.161451793565114
2.326530612244898 5.183700988447801
2.489795918367347 -3.06759440761788
2.6530612244897958 -4.5524049353526586
2.816326530612245 -4.390351109340599
2.979591836734694 -4.1423482928872755
3.142857142857143 -3.3030487319922766
3.3061224489795915 -2.7199613422539892
3.4693877551020407 -1.699638020541467
3.63265306122449 -1.0727495636202702
3.7959183673469385 -0.9713078552502361
3.9591836734693877 -0.39397191450233304
4.122448979591836 -0.7318979901592496
4.285714285714286 -0.4427930219216385
4.448979591836734 -0.668621998821014
4.612244897959183 0.11063369764466241
4.775510204081632 -0.12463868540614637
4.938775510204081 -0.30354523160757746
5.1020408163265305 -0.4116074595827499
5.26530612244898 -0.1572539056478633
5.428571428571429 -0.5267586178731167
5.591836734693877 -0.3897351249155713
5.755102040816326 -0.11973268094543499
5.918367346938775 -0.3404102566352005
6.081632653061225 -0.18270603861129386
6.244897959183673 0.25853877712557083
6.408163265306122 -0.4771632479850371
6.571428571428571 0.3786720629787417
6.73469387755102 -0.3135044366740956
6.897959183673469 0.1731022233342758
7.061224489795918 -0.418354033798289
7.224489795918367 0.07578581324390972
7.387755102040816 -0.11526512585069881
7.551020408163265 0.31748015484446074
7.7142857142857135 -0.26699038083613913
7.877551020408163 -0.05727457691621658
8.040816326530612 0.04415744785084222
8.204081632653061 -0.2598177217389682
8.367346938775508 -0.40021512512684976
8.53061224489796 0.21732489899383034
8.693877551020407 -0.19823758795197896
8.857142857142858 0.31831999499716374
9.020408163265305 -0.05499607643963289
9.183673469387754 -0.4118440658723044
9.346938775510203 0.3818203523424935
9.510204081632653 0.23690230306524734
9.673469387755102 -0.3824486086856657
9.83673469387755 0.35190666055061276
10.0 -0.43665156095274216
