2.0 113336.43629289014
2.163265306122449 43516.63587116663
2.326530612244898 17759.1659833371
2.489795918367347 7608.179783486189
2.6530612244897958 3381.3752405580194
2.816326530612245 1539.0860646898655
2.979591836734694 705.8987324852864
3.142857142857143 319.14396372340934
3.3061224489795915 136.24350543592018
3.4693877551020407 49.932596539764766
3.63265306122449 9.503644278465078
3.7959183673469385 -8.88197756551248
3.9591836734693877 -15.75126915066331
4.122448979591836 -18.19742703203882
4.285714285714286 -17.527209953668105
4.448979591836734 -16.30823945491318
4.612244897959183 -13.726190864873498
4.775510204081632 -12.139322744435217
4.938775510204081 -10.628175127880935
5.1020408163265305 -9.235172652803646
5.26530612244898 -7.679179545596733
5.428571428571429 -6.935357589595869
5.591836734693877 -5.853460535815002
5.755102040816326 -4.784852981531163
5.918367346938775 -4.331752858507107
6.081632653061225 -3.6057205255935934
6.244897959183673 -2.684708920030665
6.408163265306122 -3.0147955870318497
6.571428571428571 -1.815356809850785
6.73469387755102 -2.2157926168635034
6.897959183673469 -1.4808599847995128
7.061224489795918 -1.8603883641834629
7.224489795918367 -1.1848952134670507
7.387755102040816 -1.2203326652509465
7.551020408163265 -0.6536957164002571
7.7142857142857135 -1.1226520489950742
7.877551020408163 -0.8130105665773425
8.040816326530612 -0.624910613667398
8.204081632653061 -0.8535231986371921
8.367346938775508 -0.928223906585834
8.53061224489796 -0.2532729524312392
8.693877551020407 -0.61854549698524
8.857142857142858 -0.05783340538005455
9.020408163265305 -0.3922943602435493
9.183673469387754 -0.7148756121105027
9.346938775510203 0.1090733659110768
9.510204081632653 -0.009024182061169284
9.673469387755102 -0.6045747378845158
9.83673469387755 0.150941984592069
10.0 -0.6187655010678361
